free_thresh: 0.196
image: playground.pgm
negate: 0
occupied_thresh: 0.65
origin: [-7.1999999999999915, -6.2999999999999915, 0.0]
resolution: 0.05
